#____________________________________________________________
#
#                   RCTelescopeTiming                 
#      Roque Cherenkov Telescope Timing Analysis Package    
#               Selecting Events for Plots 		   
#            Author: Max Ahnen, IPP ETH Zurich            
#____________________________________________________________
#Gamma-Ray like 3-Telescope-Events
#
#NIGHT,RUNID,EventNum,E/GeV
20131128,200,17914,924.047
20131128,200,20816,1056.02
20131128,201,711,3761.89
20131128,201,1429,1578.06
20131128,201,11115,872.126
20131128,201,15961,1090.08
20131128,201,20535,1203.65
20131128,204,1237,818.924
20131128,204,1794,1808.31
20131128,204,2078,1871.63
20131128,204,3779,1160.84
20131128,204,3873,863.417
20131128,204,9205,892.759
20131128,204,10275,1192.59
20131128,204,13693,506.226
20131128,205,1894,5189.23
20131128,205,2124,1190.36
20131128,205,5667,664.445
20131128,205,9025,1211.89
20131128,205,15585,1338.52
20131128,207,1250,684.708
20131128,207,5117,797.312
20131128,207,7384,4511.13
20131128,207,7688,4416.57
20131128,207,8719,1261.54
20131128,207,12071,836.346
20131128,208,303,981.011
20131128,208,1762,1123.22
20131128,208,3173,2027.7
20131128,208,5325,2116.04
20131128,208,7018,3940.59
20131128,208,12281,6292.42
20131128,218,44,811.209
20131128,218,2783,889.916
20131128,218,4881,3818.91
20131128,218,14065,1485.03
20131128,219,14917,733.485
20131128,220,638,1407.68
20131128,220,6495,921.927
20131128,220,17485,821.019
20131128,221,4920,1018.52
20131128,224,1146,2876.35
20131128,224,2226,2274.68
20131128,224,8235,824.677
20131128,224,8998,1189.87
20131128,224,13192,1323.32
20131128,224,14213,1195.75
20131128,224,14242,1000.86
20131128,224,17230,1075.32
20131128,224,18082,1634.15
20131128,225,2455,2187.8
20131128,225,4545,651.424
20131128,225,7020,1224.06
20131128,225,8371,3547.28
20131128,225,9606,1728.42
20131128,225,11184,1110.94
20131128,226,2399,1036.06
20131128,226,5755,2799.21
20131128,226,8892,1627.68
20131128,227,495,766.077
20131128,227,824,676.214
20131128,227,2304,1296.14
20131128,227,16042,1222.43
20131128,227,16465,1587.47
20131128,230,4850,2850
20131128,230,7288,3572.12
20131128,230,14338,2684.82
20131128,230,15544,2132.51
20131128,231,3231,3143.62
20131128,231,6367,2243.02
20131128,231,12381,1647.67
20131128,232,1256,2861.12
20131128,232,2075,1922.52
20131128,232,2461,2936.68
20131128,232,14709,851.357
20131128,233,109,2952.8
20131128,233,1227,1328.1
20131128,233,6527,1115.46
20131128,233,9216,1539.4
20131128,234,1909,2202.35
20131128,234,10946,1924.84
20131204,136,8594,952.622
20131204,136,17096,1144.53
20131204,136,19056,1080.36
20131204,137,972,815.585
20131204,137,4236,1204.11
20131204,137,5343,2543.28
20131204,137,6906,895.361
20131204,137,6968,1723.78
20131204,137,7361,976.071
20131204,137,9447,7209.82
20131204,137,9679,1014.53
20131204,138,1178,1685.31
20131204,138,1574,1075.41
20131204,138,1819,1039.71
20131204,138,3558,1182.82
20131204,138,9472,1169.98
20131204,138,12577,816.034
20131204,138,15707,3378.25
20131204,138,17999,1616.65
20131204,141,873,3674.86
20131204,141,3673,1038.21
20131204,141,3746,3537.71
20131204,141,4161,1063.31
20131204,141,16477,1359.04
20131204,142,10141,9586.74
20131204,143,1976,989.782
20131204,143,2308,1044.71
20131204,144,15999,615.177
20131204,154,499,525.337
20131204,154,4535,1716.71
20131204,154,7344,1207.43
20131204,155,307,1015.86
20131204,155,7354,1035.28
20131204,155,8004,3340.13
20131204,155,9708,678.228
20131204,155,14950,1858.74
20131204,155,17852,4086.95
20131204,155,18084,2737.35
20131204,156,1222,748.48
20131204,156,8545,1944.49
20131204,156,10689,1411.06
20131204,156,11866,3104.31
20131204,156,18607,706.583
20131204,156,19864,1704.01
20131204,157,13570,727.863
20131204,157,16243,853.113
20131204,157,17694,1363.58
20131204,160,11359,636.304
20131204,160,11506,944.711
20131204,160,19388,1987.41
20131204,161,12438,1222.58
20131204,162,989,3563.19
20131204,162,1166,1611.18
20131204,163,545,1340.52
20131204,163,7991,948.397
20131204,163,12356,587.638
20131204,163,15229,877.737
20131204,166,5412,2754.76
20131204,166,5675,1130.83
20131204,166,10759,1012.46
20131204,166,11636,5681.36
20131204,167,1330,1413.01
20131204,167,2910,806.665
20131204,167,13885,1258.72
20131204,167,17743,1813.82
20131204,169,3938,879.163
20131204,169,5077,941.517
20131204,169,11361,1505.99
20131204,179,9477,697.572
20131204,179,13920,986.817
20131204,179,14929,957.169
20131204,180,6010,971.933
20131204,180,14295,991.834
20131204,181,3443,938.437
20131204,181,9180,1174.17
20131204,181,9246,972.351
20131204,181,13965,1468.51
20131204,181,18001,1322.34
20131204,182,2201,1433.34
20131204,182,3621,1151.3
20131204,182,11218,1801.35
20131204,182,16687,1401.73
20131204,182,19553,918.233
20131204,185,368,712.407
20131204,185,1240,1420.5
20131204,185,13000,1407.54
20140101,134,872,990.942
20140101,134,11227,861.078
20140101,135,1565,1305.44
20140101,135,4032,5231.88
20140101,135,6824,535.071
20140101,135,6853,1198.49
20140101,138,3337,2130.34
20140101,138,6688,2370.13
20140101,138,9953,2654.58
20140101,138,12762,957.785
20140101,138,15458,667.832
20140101,138,15821,6084.11
20140101,138,17195,1591.79
20140101,139,495,1329.66
20140101,139,3171,1490.36
20140101,139,4672,2937.68
20140101,139,6195,8736.63
20140101,139,7119,855.166
20140101,139,8915,1419.12
20140101,139,11068,763.888
20140101,139,11532,1046.91
20140101,139,14820,684.016
20140101,139,17243,1894.72
20140101,139,17812,3670.55
20140101,140,2623,836.516
20140101,140,5023,1499.99
20140101,140,6437,1410.29
20140101,141,9083,1033.31
20140101,141,9367,1567.95
20140101,141,17505,1204.15
20140101,151,9003,2282.37
20140101,151,10111,2039.57
20140101,151,12207,1057.77
20140101,151,16228,1102.05
20140101,154,7844,6105.42
20140101,154,8644,3115.68
20140101,154,9413,1309.99
20140101,157,445,2565.25
20140101,157,1634,485.898
20140101,157,3732,1391.78
20140101,157,4543,2696.67
20140101,157,5798,833.351
20140101,157,6247,1062.61
20140101,157,6806,780.246
20140101,157,7603,1824.61
20140101,157,11208,1668.45
20140101,157,14662,878.245
20140101,158,342,9955.84
20140101,158,8666,693.987
20140101,158,11993,1746.95
20140101,158,16947,1825.67
20140101,158,17758,2413.81
20140101,159,154,1197.16
20140101,159,1889,1135.51
20140101,159,7239,18988.8
20140101,159,10228,3209
20140101,159,10574,1588.53
20140101,159,13457,796.104
20140101,159,14771,1495.17
20140101,159,16871,1144.89
20140101,160,3310,1421.98
20140101,160,9618,16321.2
20140101,160,10709,1520.22
20140101,163,1465,5428.79
20140101,163,5010,1583.2
20140101,163,6138,1075.91
20140101,163,6796,790.278
20140101,163,8447,4357.22
20140101,163,8593,6410.78
20140101,163,10831,1093.25
20140101,163,11302,1951.36
20140101,163,15102,2668.46
20140101,164,5683,1533.47
20140101,164,7823,1351
20140101,164,11052,1103.97
20140101,164,11230,1791.71
20140101,164,11826,2108.31
20140101,164,15286,933.733
20140121,70,2804,693.489
20140121,70,20623,1846.7
20140121,73,4085,564.186
20140121,73,4967,832.023
20140121,74,3517,882.871
20140121,74,10758,705.523
20140121,74,18597,712.688
20140121,75,20276,1530.41
20140121,76,9047,1101.69
20140121,76,10065,937.636
20140121,76,12729,899.091
20140121,76,15296,1336.27
20140121,76,17739,939.324
20140121,86,2252,4810.16
20140121,86,5846,1379.07
20140121,86,10429,1407.66
20140121,86,13681,2584.08
20140121,86,15941,1581.88
20140121,87,12094,749.4
20140121,88,7736,508.534
20140121,92,1898,1595.62
20140121,93,10538,425.092
20140121,93,12519,893.391
20140121,93,12787,678.267
20140121,93,13083,1796.41
20140121,93,16964,2104.98
20140121,94,313,1048.71
20140121,94,2456,966.516
20140121,94,2706,1940.73
20140121,94,6310,1249.51
20140121,94,8278,2238.5
20140121,94,8362,1153.46
20140121,94,11123,1455.59
20140121,94,11923,2937.64
20140121,95,337,1867.46
20140121,95,2451,1195.39
20140121,95,2526,4656.44
20140121,95,5037,1566.26
20140121,95,8946,1011.85
20140121,95,14307,3213.96
20140121,96,1920,5553.69
20140121,96,3549,1195.93
20140121,96,7038,1172.65
20140121,96,14563,1070.5
20140121,99,712,2368.61
20140121,99,3077,3462.03
20140121,99,4797,903.481
20140121,99,5043,1994.77
20140121,99,5430,2677.13
20140121,99,5732,6138.69
20140121,99,12554,714.01
20140121,100,74,10558.9
20140121,100,2325,1100.94
20140121,100,6229,809.746
20140121,101,3543,3549.41
20140121,101,3639,1298.95
20140121,101,10303,704.603
20140127,80,6461,955.801
20140127,80,7729,627.014
20140127,80,12165,928.894
20140127,80,20361,692.747
20140127,80,20641,1411.63
20140127,81,12276,2272.02
20140127,81,12412,365.386
20140127,84,5248,887.17
20140127,84,17246,2913.34
20140127,84,19093,2155.49
20140127,85,7069,3124.35
20140127,85,7859,1583.22
20140127,85,9048,641.817
20140127,85,13766,473.95
20140127,86,7161,1362.06
20140127,86,7567,2117.32
20140127,86,13552,1657
20140127,87,1021,2657.23
20140127,87,3510,427.82
20140127,87,20606,1456.15
20140127,90,2139,1491.73
20140127,90,5676,1289.18
20140127,90,8359,3316.11
20140127,90,19812,2111.95
20140127,91,675,969.098
20140127,91,11293,2544.47
20140127,91,12068,3614.98
20140127,91,14224,1484.46
20140127,91,17966,1598.7
20140127,92,12439,8511.18
20140127,92,14510,1269.05
20140127,92,19061,813.754
20140127,93,5439,1574.06
20140127,93,7305,1045.83
20140127,93,18968,780.446
20140205,107,7818,2182.09
20140205,107,10066,1771.53
20140205,107,11372,905.277
20140205,107,12166,597.9
20140205,108,5,1204.6
20140205,108,1978,1037.83
20140205,108,7368,867.789
20140205,108,8856,879.749
20140205,109,747,2057.29
20140205,109,1128,7930.69
20140205,109,5515,1868.49
20140205,109,5790,887.395
20140205,109,9618,1284.59
20140205,109,10377,1153.77
20140205,112,1278,4073.56
20140205,112,1386,1080.18
20140205,112,2335,1133.12
20140205,112,3765,3037.18
20140205,112,5567,3276.57
20140205,112,12364,1484.4
20140318,34,3073,5599.64
20140318,34,4429,938.797
20140318,34,5863,1508.05
20140318,34,11116,2668.94
20140319,39,3376,1236.92
20140319,39,3548,2554.81
20140319,39,7098,2734.37
20140319,39,7728,1178.73
20140319,39,9456,1205.86
20140319,39,13436,5832.32
20140319,49,999,1452.25
20140319,49,6114,1960.13
20140319,49,8859,12115.6
20140926,205,1937,800.657
20140926,205,2886,1683.12
20140926,205,7700,663.981
20140926,206,809,782.685
20140926,206,3770,792.872
20140926,206,6612,679.036
20140926,206,8060,688.646
20140926,206,9721,705.196
20140926,206,10443,2011.97
20140926,206,11721,434.529
20140926,206,14971,400.868
20140926,207,748,6190.97
20140926,207,7853,895.94
20140926,207,8998,638.89
20140926,207,11470,696.812
20140926,207,14383,877.28
20140926,207,16647,2637.15
20140926,210,1935,1650.7
20140926,210,5558,833.609
20140926,210,7101,831.542
20140926,210,10257,6531.01
20140926,211,7636,608.271
20141001,254,4756,1496.58
20141001,254,5452,6754.46
20141001,254,13873,937.047
20141001,254,15491,6100.75
20141001,254,18099,1267.46
20141001,254,18917,1687.64
20141001,255,2200,7220.17
20141001,255,8903,1150.57
20141001,258,10751,2534.04
20141001,258,14465,1063.54
20141001,258,17298,1006.22
20141001,259,5503,1667.42
20141001,259,5656,917.518
20141001,259,8169,866.943
20141001,259,9251,1332.37
20141001,259,9756,3517.12
20141001,259,11726,2144.53
20141001,259,14689,988.446
20141001,260,1254,965.315
20141001,260,1327,1961.03
20141001,260,2983,1232.07
20141001,260,4053,1789.52
20141001,260,4347,2679.09
20141001,260,6298,1499.6
20141001,260,6549,1378.03
20141001,260,9314,2475.6
20141001,261,8464,1128.25
20141001,261,10934,1164.38
20141001,261,12366,1228.03
20141001,261,12628,805.774
20141001,261,12674,1054.78
20141001,261,13756,7589.13
20141001,261,17030,784.404
20141001,264,995,2343.43
20141001,264,18131,735.434
20141001,265,3595,968.457
20141001,265,18560,3341.28
20141001,266,2652,1117.23
20141001,266,8654,633.49
20141001,266,8939,596.989
20141001,266,9034,6665.28
20141001,266,12105,1774.51
20141001,266,20296,1401.15
20141001,267,2385,1732.26
20141001,267,7098,888.102
20141001,277,4036,686.383
20141001,277,5520,2682.04
20141001,277,6869,1607.58
20141001,277,7675,881.93
20141001,277,13375,1695.13
20141001,278,2192,1103.69
20141001,278,13867,1827.92
20141001,279,9838,2348.92
20141001,279,11408,1527.33
20141001,280,7829,737.585
20141001,280,8586,896.799
20141001,280,16364,7207.81
20141001,280,19472,5219.84
20141001,283,1800,694.165
20141001,283,3477,683.425
20141001,283,5371,853.607
20141001,283,5879,836.336
20141001,283,13105,503.022
20141001,283,15654,978.763
20141001,283,16453,983.617
20141001,284,167,1091.98
20141001,284,9040,1208.2
20141001,284,11220,660.444
20141001,284,14956,1885.3
20141001,284,15062,2392.36
20141001,284,15834,799.07
20141001,285,4383,441.666
20141001,285,4957,694.635
20141001,285,10897,1633.6
20141001,285,14873,499.737
20141001,285,17056,859.96
20141001,286,2525,815.585
20141001,286,10661,1384.05
20141001,286,14309,1703
20141001,286,14316,1173.34
20141001,286,14976,704.003
20141001,286,16723,2106.26
20141001,286,17542,506.185
20141001,286,17764,772.715
20141001,289,5314,733.096
20141001,289,5525,295.224
20141001,289,13041,1674.06
20141001,289,13142,831.533
20141001,289,19508,1569.08
20141001,289,20559,889.848
20141001,290,3467,660.195
20141001,290,6896,2609.77
20141001,290,13702,2522.39
20141001,291,1373,599.671
20141001,291,11097,690.174
20141001,291,19154,582.784
20141001,292,19749,789.74
20141001,302,6735,611.203
20141001,302,11819,1174.65
20141001,302,14799,920.994
20141001,302,16077,1408.94
20141001,302,16843,1121.08
20141001,302,17637,1068.49
20141001,303,353,618.873
20141017,114,546,1139.47
20141017,114,1944,653.871
20141017,114,3218,1130.02
20141017,114,10332,1241.96
20141017,114,14938,741.06
20141017,114,15365,5065.55
20141017,114,16974,1499.01
20141017,114,19048,1867.85
20141017,117,4063,1533.09
20141017,117,5200,2647.68
20141017,117,9846,1068.45
20141017,117,11930,939.39
20141017,118,718,912.874
20141017,118,1732,1374.28
20141017,118,7364,2928.37
20141017,118,13560,1128.92
20141017,118,15085,726.206
20141017,119,1487,3504.09
20141017,119,6908,1534.24
20141017,119,6921,918.728
20141017,119,8202,7225.67
20141017,120,9266,1089.82
20141017,130,1140,2724.71
20141017,130,18104,973.698
20141017,131,892,1516.48
20141017,131,1860,2405.85
20141017,131,2734,1304.47
20141017,131,3581,1024.55
20141017,131,4070,925.056
20141017,131,4408,2526.87
20141017,131,5155,2303.3
20141017,131,6699,836.875
20141017,131,11068,2448.61
20141017,132,976,1425.79
20141017,132,2038,2152.43
20141017,132,5206,711.924
20141017,132,11612,4269.36
20141017,132,11847,2134.49
20141017,132,12045,3061.59
20141017,132,12902,889.175
20141017,132,15043,1000.9
20141017,133,1914,891.002
20141017,133,2252,2341.09
20141017,133,2812,757.127
20141017,133,3830,2735.84
20141017,133,4581,1345.21
20141017,133,8283,703.947
20141017,133,10902,2357.96
20141017,133,12351,1537.96
20141017,133,13574,795.151
20141017,133,14468,885.734
20141017,136,1798,908.854
20141017,136,10053,989.409
20141017,136,13653,1587.53
20141017,137,264,610.666
20141017,137,1103,749.305
20141017,137,2919,1810.09
20141017,137,7697,674.453
20141017,137,12176,998.053
20141017,138,69,1213.84
20141017,138,427,555.35
20141017,138,9694,724.188
20141017,138,11723,812.74
20141017,139,555,527.386
20141017,139,3855,3380.29
20141017,142,214,659.547
20141017,142,5094,1936.21
20141017,142,5506,726.819
20141017,142,5725,678.933
20141017,142,7001,521.289
20141017,142,7740,531.604
20141017,142,10107,639.201
20141017,142,10800,4925.23
20141017,142,12035,1059.78
20141017,142,12469,2187.17
20141017,142,14425,2341.51
20141017,142,14475,1292.48
20141017,143,341,1372.35
20141017,143,682,1121.09
20141017,143,4863,3430.81
20141017,143,5547,1355.13
20141017,143,9700,590.965
20141017,143,11995,1099.36
20141017,144,1088,6756.5
20141017,144,3493,832.969
20141017,144,3760,1240.21
20141017,144,4828,2857.35
20141017,144,9990,4330.29
20141017,145,11247,1331.98
20141017,145,11599,548.335
20141017,155,1920,825.289
20141017,155,18960,1102.09
20141017,156,809,2243
20141017,156,1302,767.165
20141017,156,2556,981.474
20141017,156,3633,1237.59
20141017,156,4217,361.854
20141017,156,7181,1003.94
20141017,156,11401,5729.13
20141017,156,11901,491.497
20141017,156,13594,1880.46
20141017,156,13771,920.915
20141017,157,3940,566.118
20141017,157,5247,699.957
20141017,157,5310,5154.85
20141017,157,6977,495.717
20141017,157,12342,348.479
20141017,158,1011,751.805
20141017,158,3345,3076.68
20141017,158,4654,818.224
20141017,158,9075,766.873
20141017,158,9353,840.243
20141017,158,12647,7934.55
20141017,161,10180,2564.16
20141017,161,13306,556.744
20141017,162,5582,3191.28
20141017,162,10644,1586.25
20141017,162,11039,804.63
20141017,163,589,3921.5
20141017,163,13161,953.874
20141017,164,14281,1306.28
20141017,167,309,410.759
20141017,167,812,644.022
20141017,167,1009,686.496
20141017,167,5062,1023.99
20141017,167,11360,476.916
20141017,168,3148,2290.25
20141017,168,3608,746.452
20141017,169,8283,2588.67
20141017,169,9414,673.556
20141017,170,5585,1255.64
20141017,170,7374,1754.18
20141017,170,8146,1401.78
20141017,170,8739,659.521
20141017,170,9273,3787.32
20141017,170,11370,698.612
20141017,170,12669,732.106
20141017,171,189,699.036
20141017,171,1886,1332.09
20141017,171,4807,1951.1
20141017,171,7515,2265.06
20141017,171,8337,438.802
20141017,171,9728,1364.81
20141017,171,12113,798.081
20141017,171,12828,1243.58
20141114,159,7954,3182.95
20141114,159,9137,1282.18
20141114,159,11037,493.321
20141114,159,12762,1046.52
20141114,162,1361,1265.07
20141114,162,2547,1622.97
20141114,162,8383,602.683
20141114,162,8808,737.474
20141114,162,11009,1310.27
20141114,162,11063,1722.14
20141114,162,12443,704.952
20141114,163,310,721.22
20141114,163,3673,4672.64
20141114,163,4412,826.819
20141114,163,11967,2303.37
20141114,163,12065,959.891
20141114,163,12777,562.049
20141124,110,11872,1421.45
20141124,110,12833,1480.54
20141124,111,14804,498.879
20141124,111,15896,875.067
20141124,111,17025,4715.19
20141124,121,1572,2956.54
20141124,121,3550,2561.22
20141124,121,4663,1047.31
20141124,121,5810,5957.11
20141124,121,9575,713.08
20141124,121,11716,1723.24
20141124,121,12959,6372.94
20141124,121,15601,400.124
20141124,122,791,1136.08
20141124,122,7153,1447
20141124,122,11301,467.019
20141124,122,13368,6193.28
20141124,122,15857,1465.84
20141124,122,17254,4545.14
20141124,122,18208,1305.06
20141124,122,20466,783.618
20141124,123,3697,987.646
20141124,123,6384,624.87
20141124,123,11624,730.64
20141124,123,14564,1428.67
20141124,123,16857,985.993
20141124,123,21975,3210.29
20141124,124,1289,1354.27
20141124,124,6940,1512.51
20141124,124,8085,1144.31
20141124,124,12547,1121.68
20141124,124,12678,1110.63
20141124,124,20427,2049.18
20141124,127,10945,1198.78
20141124,127,14718,901.808
20141124,127,15020,1882.09
20141124,127,16451,799.647
20141124,127,16890,4256.52
20141124,128,1655,1078.13
20141124,128,1852,1642.72
20141124,128,2248,571.986
20141124,128,4145,2267.75
20141124,128,5974,6985.75
20141124,128,12296,703.209
20141124,128,17880,1129.39
20141124,128,20231,2513.29
20141124,128,21324,1051.17
20141124,128,21939,2117.11
20141124,129,1254,1072.59
20141124,129,7584,869.204
20141124,129,9213,3117.54
20141124,129,12938,3280.91
20141124,129,15353,1097
20141124,129,20930,1815.99
20141124,129,21670,1284.64
20141124,130,3942,7930.9
20141124,130,5300,1250.6
20141124,130,6035,794.456
20141124,130,18974,2524.97
20141124,133,1113,4673.22
20141124,133,2248,897.401
20141124,133,2437,776.548
20141124,133,5837,1759.7
20141124,133,7947,610.785
20141124,133,13091,1402.78
20141124,133,16956,1283.44
20141124,133,17723,6110.99
20141124,133,19396,1074.44
20141124,134,124,1553.55
20141124,134,1342,1953.59
20141124,134,2067,1588.64
20141124,134,3806,1668.59
20141124,134,5691,769.698
20141124,134,7428,740.996
20141124,135,115,890.587
20141124,135,244,797.397
20141124,135,760,917.784
20141124,135,1337,858.804
20141124,135,2974,856.996
20141124,135,3250,1170.71
20141124,135,5823,2548.35
20141124,135,6972,776.937
20141124,135,7525,1403.72
20141124,135,8281,724.299
20141124,135,17630,11550.8
20141124,135,18693,1126.32
20141124,136,40,1545.73
20141124,136,2388,607.476
20141124,136,6651,828.523
20141124,136,6956,667.109
20141124,136,7710,900.503
20141124,136,14137,899.679
20141124,136,18973,715.384
20141124,146,404,3004.45
20141124,146,800,1695.54
20141124,146,7049,1329.22
20141124,146,15469,914.563
20141124,146,17367,661.809
20141124,146,22400,2448.6
20141124,146,23630,572.584
20141124,147,3509,626.739
20141124,147,3882,1269.28
20141124,147,4750,825.771
20141124,147,7059,1433.65
20141124,147,8530,431.775
20141124,147,11751,570.801
20141124,147,12895,2322.62
20141124,147,14998,1433.55
20141124,147,15457,754.942
20141124,147,21182,644.45
20141124,148,1362,1369.78
20141124,148,1835,708.886
20141124,148,11433,604.938
20141124,148,12790,3943.75
20141124,148,19997,1167.21
20141124,148,20156,644.786
20141124,148,21944,846.221
20141124,149,3927,643.842
20141124,149,5191,739.244
20141124,149,6317,6918.97
20141124,149,7176,1147.25
20141124,149,7834,933.831
20141124,149,11543,2009.54
20141124,149,12907,658.823
20141124,149,14890,1013.38
20141124,152,8236,760.255
20141124,152,8510,1132.25
20141124,152,9073,866.035
20141124,152,13959,1468.01
20141124,152,18137,845.963
20141124,152,19878,5227.6
20141124,153,385,1024.15
20141124,153,7763,398.995
20141124,153,9714,792.76
20141124,153,14110,530.734
20141124,153,15206,765.566
20141124,153,16057,1231.77
20141124,153,19279,750.099
20141212,105,11283,999.773
20141212,105,14460,994.006
20141212,105,17595,2677.8
20141212,105,18871,550.97
20141212,105,20189,979.513
20141212,105,21656,1008.82
20141212,106,1592,1843.97
20141212,106,9112,1137.49
20141212,106,13035,966.643
20141212,106,21574,1453.87
20141212,112,2527,717.332
20141212,112,4655,742.086
20141212,112,7333,483.882
20141212,112,8246,2486.66
20141212,112,10051,595.735
20141212,112,10981,1203.41
20141212,112,14855,1041.01
20141212,112,17134,1275.82
20141212,115,3165,528.425
20141212,115,3172,842.38
20141212,115,5890,533.836
20141212,115,5997,1631
20141212,115,19515,585.048
20141212,115,19686,2035.27
20141212,116,2778,962.176
20141212,116,4780,810.51
20141212,116,9665,2103.91
20141212,116,11767,955.684
20141212,117,774,1579.38
20141212,117,2699,2262
20141212,117,2992,714.807
20141212,117,4454,1065.33
20141212,117,5571,936.773
20141212,117,8257,1680.89
20141212,117,14763,2131.76
20141212,118,603,1392.1
20141212,118,1073,570.977
20141212,118,2710,6563.04
20141212,118,11213,674.806
20141213,66,8279,1061.81
20141213,66,10764,2501.82
20141213,66,11042,3341.55
20141213,66,13493,771.552
20141213,66,16980,1097.66
20141213,66,17509,470.631
20141213,66,18050,1085.94
20141213,68,4247,1229.61
20141213,68,4993,2086.55
20141213,68,6072,3259.87
20141213,68,7166,832.722
20141213,68,7394,1519.45
20141213,68,12260,4850.51
20141213,68,14772,592.115
20141213,68,17999,1520.62
20141213,68,19993,1346.23
20141213,78,4149,973.931
20141213,78,5513,926.843
20141213,78,9518,1105.03
20141213,78,12091,842.336
20141213,78,13115,2754.6
20141213,78,19277,1834.34
20141213,79,6451,1132.59
20141213,79,7522,715.789
20141213,79,11235,1144.78
20141213,79,13096,440.309
20141213,79,16685,4089.47
20141213,80,1259,1262.75
20141213,80,1720,1223.85
20141213,80,9829,1309.79
20141213,80,11369,1059
20141213,80,15200,1017.88
20141213,80,15933,1318.04
20141213,80,16854,1232.57
20141213,80,18567,2167.11
20141213,80,19802,1610.71
20141213,80,20113,1224.46
20141213,80,22128,8360.08
20141213,81,809,570.102
20141213,81,11765,1751.45
20141213,81,15923,1699.01
20141213,84,3296,1047.64
20141213,84,9028,844.474
20141213,84,20556,579.102
20141213,85,148,648.888
20141213,85,2413,2002.29
20141213,85,4193,999.136
20141213,86,20869,1365.84
20141213,87,7761,419.128
20141213,87,8256,10140.9
20141213,87,11285,397.336
20141213,87,11370,844.44
20141213,87,14472,1411.44
20141213,90,1342,993.757
20141213,90,2701,742.092
20141213,90,5701,2201.73
20141213,90,7876,583.208
20141213,90,8733,1881.7
20141213,90,10095,676.034
20141213,90,11771,5510.48
20141213,90,14651,767.53
20141213,90,16920,2093.15
20141213,91,1835,1645.18
20141213,91,4280,1091.36
20141213,91,11631,2690.35
20141213,91,16005,848.841
20141213,91,17345,704.431
20141213,91,22721,529.979
20141213,92,4847,3599.27
20141213,92,18035,2209.28
20141213,92,23648,1410.15
20141213,93,354,866.39
20141213,93,635,517.915
20141213,93,1198,894.573
20141213,93,1286,1244.93
20141213,93,2760,3097.69
20141213,93,19325,1053.58
20141213,93,19811,462.184
20141213,93,23007,2135.49
20141213,103,2835,490.713
20141213,103,14533,1173.76
20141213,103,15287,687.665
20141213,103,16771,500.908
20141213,103,22141,493.408
20141213,104,3863,385.843
20141213,104,20791,711.318
20141213,105,1912,958.268
20141213,105,7853,494.987
20141213,105,10773,786.956
20141213,105,16643,1233.72
20141213,106,564,415.993
20141213,106,8113,747.098
20141213,106,13633,675.005
20141213,106,20972,242.376
20141213,109,531,1326.67
20141218,83,5862,1657.07
20141218,83,6858,825.786
20141218,83,8862,1603.38
20141218,83,13775,1594.21
20141218,83,13883,1147.58
20141218,83,17409,1364.57
20141218,84,2566,1262.78
20141218,84,6093,2516.89
20141218,84,6711,722.391
20141218,84,10999,961.839
20141218,85,256,528.823
20141218,85,1169,1486.86
20141218,85,3589,1247.59
20141218,85,4593,1737.26
20141218,85,13065,1299.84
20141218,85,17054,672.63
20141218,85,18765,1366.99
20141218,86,26,859.462
20141218,86,425,1931.83
20141218,86,6150,1615.82
20141218,86,11511,957.607
20141218,86,11880,2688.29
20141218,86,16831,939.591
20141218,86,17667,489.169
20141218,96,1193,778.395
20141218,96,1565,718.931
20141218,96,3118,853.813
20141218,96,4616,681.976
20141218,96,6022,964.716
20141218,96,7868,1369.1
20141218,96,8305,642.583
20141218,96,15369,496.521
20141218,96,17585,2223.8
20141218,97,1305,1776.21
20141218,97,3034,1147.46
20141218,97,3542,1410.75
20141218,97,8179,1037
20141218,97,16269,3637.7
20141218,97,18826,632.031
20141218,98,836,1452.61
20141218,98,1931,887.97
20141218,98,4199,872.645
20141218,98,5056,796.45
20141218,98,6865,588.591
20141218,99,2358,3428.32
20141218,99,2820,910.509
20141218,99,4601,1232.14
20141218,99,13683,2233.77
20141218,99,14223,2719.62
20141218,102,8254,2908.92
20141218,102,10144,413.932
20141218,102,11135,1066.6
20141218,102,15164,1240.14
20141218,103,3396,1221.43
20141218,103,6606,993.597
20141219,77,745,1187.71
20141219,77,4099,1294.86
20141219,77,10675,3705.3
20141219,77,16097,1838.26
20141219,77,16250,719.298
20141219,77,23380,1338.25
20141219,78,12164,662.484
20141219,78,18550,724.306
20141219,79,458,1646.46
20141219,79,5336,3441.45
20141219,79,7662,915.8
20141219,79,7946,879.445
20141219,79,8311,1314.35
20141219,79,9272,1247.59
20141219,79,18025,2126.19
20141219,79,18221,1915.87
20141219,82,1636,1639.77
20141219,82,9347,939.459
20141219,82,22459,1839.22
20141219,83,1121,1737.82
20141219,83,11309,4000.37
20141219,83,15962,1034.09
20141219,83,15978,11138.9
20141219,83,17086,2584.29
20141219,83,19801,924.843
20141219,83,19980,851.167
20141219,83,20179,1347.69
20141219,83,20270,1909.32
20141219,84,5478,600.489
20141219,84,19786,864.816
20141219,84,21905,881.417
20141219,84,23331,794.095
20141219,85,1410,2986.07
20141219,85,7051,2853.33
20141219,85,11576,1370.09
20141219,95,166,2111
20141219,95,558,998.712
20141219,95,10957,888.365
20141219,95,13054,1454.31
20141219,95,18242,441.765
20141219,96,2133,1704.75
20141219,96,7411,4055.93
20141219,96,9831,647.296
20141219,96,20280,1837.01
20141219,96,20480,1312.59
20141219,96,21849,1471.46
20141219,97,1039,4543.19
20141219,97,11755,1159.62
20141219,97,15976,437.967
20141219,97,20425,3975.53
20141219,97,25496,1177.37
20141219,98,4416,887.04
20141219,98,4917,1468.02
20141219,98,9068,1198.55
20141219,98,14746,9302.72
20141219,98,18265,1190.55
20141219,98,18791,1073.93
20141219,98,21072,578.817
20141219,98,23979,1286.76
20141220,76,16554,712.767
20141220,77,1838,718.883
20141220,77,2993,1864.66
20141220,77,6932,718.178
20141220,77,9343,5704.86
20141220,77,9608,1849.24
20141220,77,17493,1332.33
20141220,80,148,932.835
20141220,80,1692,1978.09
20141220,80,8772,717.727
20141220,80,13910,1598.59
20141220,80,15655,1579.68
20141220,81,1194,1159.88
20141220,81,3083,718.256
20141220,81,3369,1578.3
20141220,81,11120,1594.84
20141220,81,11599,842.693
20141220,82,5923,728.712
20141220,82,13972,568.025
20141220,82,14962,1917.13
20141220,82,18152,883.356
20141220,82,19180,2599.55
20141220,83,1166,655.18
20141220,83,2429,2075.45
20141220,83,4199,1288.37
20141220,83,8569,1201.11
20141220,83,10933,1536.34
20141220,83,13300,801.281
20141220,83,21683,1918.32
20141220,93,409,4955.91
20141220,93,2074,1409.41
20141220,93,4865,621.289
20141220,93,5856,1094.91
20141220,93,11272,5538.23
20141220,93,13410,403.283
20141220,93,15163,1018.58
20141220,93,15428,878.388
20141220,93,15743,4438.03
20141220,93,20633,803.102
20141220,93,21425,3100.33
20141220,93,22633,1123.72
20141220,94,8192,565.792
20141220,94,22221,464.719
20141220,95,727,460.13
20141220,95,16496,798.795
20141220,95,21801,852.347
20141220,95,22095,722.851
20141220,96,1558,1219.49
20141220,96,2767,1575.2
20141220,96,3547,325.131
20141220,96,14518,628.551
20141220,96,14786,497.655
20141220,96,15331,684.946
20141220,96,17445,2024.31
